group	Birdfece03	Birdfece05	Birdfece06	Birdfece18	Birdfece20	Birdfece22	Birdfece23	Birdfece28	Cattlefece01	Cattlefece03	Cattlefece05	Cattlefece10	Cattlefece11	Cattlefece12	Sheepfece02	Sheepfece04	Sheepfece09	Sheepfece11	Sheepfece15	Sheepfece16	Soil01	Soil02	Soil03	Soil06	Soil08	Soil12	Soil13	Water01	Water02
Birdfece03	771.5389736118648	12.651852377131839	9.035023780046538	71.61200244677232	12.716171688237225	197.809056181558	3.1246124309207035	0.16479320753522309	0.04371079514032421	2.105044525383298	0.21694453545554562	0.0	43.9589300064493	0.681637893892252	0.1266464847089902	0.2831594427309734	0.9277453925946848	0.28602589984441756	1.748811102167279	2.157725151002327	0.0501282639766332	0.0	0.1021474725568752	0.11517603565043981	0.11267279627603109	0.00498562237096971	0.0	0.0	0.0100272286079854
Birdfece05	79.21918377108183	51.063950281480054	6.391084506771323	2.2591472371605987	0.2792954045717984	1.1599760166862825	0.0	0.0	0.0	0.290882263954572	0.0	0.0	0.0	0.0	0.0	0.0	0.0	0.0	0.0	0.0	0.0	0.0	0.22968592792460962	0.0326762538126143	0.0714609448038957	0.0	0.0	0.0	0.0246641310310161
Birdfece06	24.72853912361796	1.8475197519995263	392.62814596729544	92.81301784770936	0.20999230167650101	0.623518665619306	0.0128197135665953	0.0	0.566027251500254	0.9160464415101561	0.0	0.0	0.159187548736012	0.0	0.6830110457140671	0.30861850663691437	0.48476034678332774	0.0921184245608347	0.0291568915971663	0.0	0.062384512891423605	0.0	0.12240854510168316	0.0	0.0893141324290185	0.0	0.0	0.0403531778890666	0.03711751543993786
Birdfece18	43.6630904971985	4.878915520980976	10.06618989240657	89.99591002401695	1.4253673699090372	0.0	0.0	0.0	0.07897540413993274	0.0	0.0	0.0	0.0	0.0	0.0193744567873843	0.0	0.0	0.0	0.0	0.0	0.0119388151355555	0.0	0.0245485344837711	0.1980935594494041	0.0517472035511067	0.0	0.0462170449893355	0.0	0.0
Birdfece20	620.5324864167593	0.08276934363190261	0.18302618453095706	0.690382611938885	23.86842685390401	201.93540411188854	2.40361776221997	0.3806997722414146	0.053017683539830704	1.906092416695922	0.12218538526646286	0.0	43.704256766237854	0.47588077569303866	0.0451587300362168	0.39017904584792557	1.022590495403261	0.4379573118453161	1.6721201802523649	1.9034727844874881	0.005252619915546979	0.0439792500567947	0.1010745181682968	0.5049890159799189	0.25589102360854155	0.0	0.0789828604668495	0.0427977901678288	0.0437321987188605
Birdfece22	620.1627588286901	0.262320785207031	0.27967598941790806	0.0	13.295685626313205	194.37510302498842	2.575383363500723	0.22048204861796344	0.0336776070785097	1.9220866174032227	0.13889600966236385	0.0	41.91821762382169	0.537283688556886	0.061750432466191094	0.1656877824596025	0.7385139220721094	0.2991554348594479	1.554318960068981	2.1245925347202284	0.0396230241455392	0.0	0.060264903108882	0.0989023798539584	0.0279580267042756	0.0	0.0	0.0	0.008926469378292279
Birdfece23	49.63238462602576	0.0	0.09190408524702676	0.0	1.108006220267485	16.38289079553304	98.05538424331168	0.5633836944233893	0.0154627168059608	2.851196484216739	0.0807940888726722	0.0	7.023116790185524	0.110618000305962	0.0374289992437545	0.2855793055890404	0.3030849638963972	0.03298327747408636	0.654510347099871	0.5136689320068318	0.0	0.0	0.0	0.0	0.020918061326762098	0.0	0.0	0.029376846925682196	0.01895369798627768
Cattlefece01	0.0	0.0	0.176872565370141	0.0	0.14846184693099598	0.0	0.0	0.0	2.588229987214677	0.130256860549561	0.1344239960245332	0.0	0.0	0.0340784362941568	1.016214012595912	0.386408104923462	1.6762609072445263	0.5064434001814666	0.0	0.0	0.0	0.0	0.0252090331694331	0.0	0.0	0.025049712400482003	0.0	0.0	0.0
Cattlefece03	63.27480151476573	0.139244970827808	0.17983888441875967	0.770152676987609	1.4137748640240544	18.628019507849896	7.278573943778703	0.19926019741206488	0.1553658796458986	35.65515801348533	2.682518562578303	1.747199285952135	8.655939201095327	3.874461737491104	0.1004249414196465	0.4722188016624317	1.1654772729563345	0.38045771495309944	0.865347044001994	0.4816739136925704	0.0	0.0	0.0	0.23480722694408313	0.09089969424551421	0.0	0.0	0.0	0.0285157898495583
Cattlefece05	0.101950704761794	0.0	0.0	0.0	0.0	0.0	0.0184196606480323	0.0	0.2722709436396022	6.306173212367719	6.065182139528424	0.4847345103023873	0.4473507514149394	2.495481758872753	0.4201705830592922	0.600700902967206	0.6511930649472855	0.40394291557259077	0.1544367918821751	0.29318725498960985	0.0	0.0	0.0	0.1027790455266587	0.0	0.0	0.0	0.0	0.0
Cattlefece10	0.0	0.0	0.0	0.0	0.0	0.0	0.0	0.0	0.0271957330758105	2.566568693993383	0.29220517298455595	1.8437219573480639	0.0686565989235958	0.42946420604991953	0.0742281472086243	0.2648753355304553	0.1393671822250664	0.0600589728519728	0.7486851678202471	0.533516629554191	0.0	0.0	0.0	0.0	0.0	0.0	0.0	0.0	0.0
Cattlefece11	322.91788452993245	0.0	0.1287563790972113	0.0	6.381674368034793	96.82038013649235	2.4519885588887687	0.2337470239319314	0.1352426346811002	3.4350351105326227	0.740549880831259	0.0736340982913254	170.11809535993757	1.9050240692133575	0.051629911168366405	0.5188845108228606	1.3595043101958393	0.8479218103868654	2.5033010676002445	2.9527114915573422	0.0133040810999621	0.0357188986860236	0.029728310650217298	0.1099519605949557	0.22919496644431397	0.0	0.0	0.0910459072857812	0.02028920223319268
Cattlefece12	0.0	0.0	0.0	0.0	0.0	0.0	0.0607410238036302	0.0	0.17342437587891152	3.9761462602284	2.0426942701540693	0.6627719746333617	0.7222462167991685	4.494687046033178	0.0120182177259243	0.1277199390768065	0.3572766072980048	0.6098475025673917	0.0693384558833524	0.0524539186268423	0.0	0.0	0.0669239809140901	0.0968617523731067	0.301858687381456	0.0	0.0	0.0	0.0
Sheepfece02	0.0	0.0	0.0	0.0	0.0927366718924709	0.0	0.0	0.0	0.315480229301222	0.11395596514078571	0.0459864932621811	0.0	0.0	0.1503577318046368	0.9591118524704692	0.058399579860341	0.0685643564785472	0.0326331991218812	0.0	0.0	0.0	0.0	0.0	0.0	0.0	0.0	0.0	0.0	0.0
Sheepfece04	0.0	0.0	0.0	0.0678453468905292	0.0	0.0	0.0	0.0	0.0351425381953656	0.0	0.0	0.0	0.0	0.0	0.0	0.634029124554183	0.0	0.0	0.0	0.0	0.0355063463122364	0.0	0.0365039895895037	0.0	0.0	0.0	0.0	0.0	0.0
Sheepfece09	11.726827353265831	0.0	0.0	0.0	0.6571540911241424	3.769918120675193	0.237345308323595	0.0514132737920569	0.8203805565196616	2.5235730059539363	2.7465170754634975	0.3239016744696277	3.0739615534354043	1.0165019641562099	1.331127139754801	1.6920992511992095	2.5106793949049755	0.2858927992170062	0.1599936906373555	0.2556615153843384	0.0	0.0	0.0	0.29058525711932	0.0	0.0	0.0	0.0	0.0
Sheepfece11	0.0403433503128812	0.0	0.0	0.0	0.0315304684434401	0.0	0.0	0.0	0.0434694849966771	2.0915391742468312	1.0947141707852055	0.0360518459982178	0.22556920910238748	1.303217139686311	0.0557366619173301	0.0	0.0766302053725309	0.970695096922724	0.13328864730133197	0.0385773562908415	0.0	0.0	0.0	0.0	0.0	0.0	0.0302391522930224	0.0	0.0
Sheepfece15	53.396128809362224	0.0	0.0343360567243172	0.0	1.4380113496504343	16.85426058242053	0.8155427682345026	0.0	0.0	0.6798409314767505	0.11195074144638748	0.5471794196365011	5.752027421311569	0.08704715511636239	0.0	0.0238328503479896	0.0734421945419647	0.0848390397094403	1.4586405827316988	1.0845181719382595	0.0310680530232068	0.0	0.0	0.0	0.0629965956274343	0.0	0.0	0.0	0.0
Sheepfece16	109.32882936933227	0.0	0.1146078004359833	0.0620848929092579	2.920374880007803	33.57614539692398	1.3236903620457978	0.0384050960856329	0.6298711599770336	1.426607849871038	0.21835029524577587	0.775170844485044	21.78272311426064	0.3024913484767482	0.214650958453718	0.5193622623575571	1.4510442804788304	2.3619449403631516	1.9691187973923814	5.73685163201844	0.0	0.0	0.0	0.0	0.0	0.0	0.0	0.0342281419594762	0.0309769740925262
Soil01	0.0	0.201700435684398	0.0	0.0	0.0	0.0	0.0	0.0	0.0	0.0	0.0	0.0	0.0	0.0	0.0	0.0	0.0	0.0	0.0	0.0	0.511286557743357	0.18650058207950693	0.12697579513792012	0.0683730016751342	0.156068580584263	0.021576432949995	0.0	0.0322147218442129	0.0
Soil02	0.0	0.030344313333051005	0.23044113400263644	0.0	0.0	0.0	0.0	0.0	0.0	0.0	0.0	0.0	0.0	0.0	0.0	0.0	0.0	0.0317165362251991	0.0	0.0	0.1954596649979457	0.35990436994623504	0.1626618066485055	0.290845301597204	0.500646604904314	0.259644490892636	0.0	0.0339252380483304	0.0690813935514743
Soil03	0.0	0.0	0.0	0.0	0.0	0.0	0.0	0.0	0.0	0.0	0.0	0.0	0.0	0.0	0.0	0.0	0.0	0.0	0.0	0.0	0.19298743525003798	0.24938821796911803	0.37477429311890503	0.191444404690376	0.28410229400607595	0.0402760081733239	0.0207523594167801	0.0	0.12245015641280901
Soil06	0.0	0.0	0.0	0.0	0.0	0.0620985817964266	0.0258997258858119	0.0	0.0274718318887629	0.0721404889575516	0.0	0.0	0.0	0.0	0.0390439560639165	0.155336953537151	0.15035432486666198	0.0	0.0	0.0	0.0	0.0	0.0	0.33041166291740004	0.0	0.0	0.0	0.0389193086239729	0.0792507357494071
Soil08	0.0	0.0	0.18039241741730802	0.0	0.0	0.0	0.0	0.0	0.0	0.0	0.0	0.0	0.0	0.0	0.0	0.0	0.0	0.0	0.0	0.0	0.10881546929521199	0.10546267924067199	0.11187292331907599	0.0809590766103579	0.396471111784599	0.25548214139795	0.0	0.0	0.0
Soil12	0.0	0.0	1.0360919925097818	0.0280042495675802	0.0	0.0	0.0	0.0	1.35874511507699	0.15118804600678398	0.0	0.0	0.0269602742114608	0.029727997618307002	0.818261632403357	0.0651093188230185	0.546180746075916	0.0240235891407891	0.0	0.0	0.500890620472136	0.34222760704775945	0.534683738486488	0.733163814914738	0.953797076149294	1.3748279122536822	0.0450370353300333	0.527747167757931	0.0885809642135217
Water01	0.0	0.0	0.0	0.0	0.0	0.0	0.0	0.0	0.0	0.0	0.0	0.0	0.0	0.0	0.0	0.0	0.0	0.0	0.0	0.0	0.0	0.0	0.0	0.0	0.0	0.0	0.0	0.0	0.0
Water02	0.0	0.0	0.0	0.0	0.0	0.0	0.0	0.0	0.0	0.0	0.0	0.0	0.0	0.0	0.0	0.0	0.0	0.0	0.0	0.0	0.0566629775345534	0.1539731625154354	0.0291275357346299	0.0421574466287097	0.0375368315914764	0.0266072074720145	0.07687547796153571	0.0	0.280732296516607
